4.100000000000000000e+02 3.850000000000000000e+02
1.840000000000000000e+02 6.590000000000000000e+02
2.150000000000000000e+02 3.380000000000000000e+02
2.150000000000000000e+02 3.140000000000000000e+02
1.090000000000000000e+02 3.760000000000000000e+02
4.400000000000000000e+01 4.120000000000000000e+02
3.920000000000000000e+02 3.740000000000000000e+02
1.090000000000000000e+02 3.080000000000000000e+02
4.300000000000000000e+01 4.510000000000000000e+02
1.720000000000000000e+02 3.600000000000000000e+02
4.800000000000000000e+01 5.800000000000000000e+02
2.890000000000000000e+02 2.230000000000000000e+02
4.900000000000000000e+01 6.470000000000000000e+02
1.690000000000000000e+02 3.260000000000000000e+02
7.400000000000000000e+01 5.480000000000000000e+02
1.770000000000000000e+02 7.220000000000000000e+02
4.300000000000000000e+01 5.790000000000000000e+02
4.100000000000000000e+02 1.610000000000000000e+02
7.400000000000000000e+01 5.580000000000000000e+02
4.900000000000000000e+01 3.550000000000000000e+02
4.100000000000000000e+02 1.000000000000000000e+02
1.020000000000000000e+02 6.700000000000000000e+02
1.970000000000000000e+02 5.720000000000000000e+02
2.890000000000000000e+02 8.500000000000000000e+01
1.130000000000000000e+02 6.700000000000000000e+02
1.020000000000000000e+02 3.070000000000000000e+02
1.090000000000000000e+02 4.400000000000000000e+02
1.920000000000000000e+02 7.120000000000000000e+02
4.700000000000000000e+01 4.140000000000000000e+02
2.890000000000000000e+02 7.500000000000000000e+01
4.900000000000000000e+01 6.130000000000000000e+02
4.100000000000000000e+02 4.370000000000000000e+02
4.100000000000000000e+02 4.130000000000000000e+02
7.600000000000000000e+01 5.220000000000000000e+02
4.300000000000000000e+01 6.730000000000000000e+02
9.500000000000000000e+01 3.570000000000000000e+02
4.700000000000000000e+01 3.730000000000000000e+02
1.020000000000000000e+02 2.950000000000000000e+02
1.020000000000000000e+02 6.570000000000000000e+02
1.100000000000000000e+02 3.190000000000000000e+02
1.130000000000000000e+02 6.940000000000000000e+02
4.270000000000000000e+02 4.130000000000000000e+02
4.600000000000000000e+01 5.880000000000000000e+02
1.000000000000000000e+02 3.910000000000000000e+02
1.970000000000000000e+02 3.410000000000000000e+02
4.100000000000000000e+02 1.280000000000000000e+02
1.720000000000000000e+02 7.070000000000000000e+02
1.110000000000000000e+02 2.760000000000000000e+02
3.070000000000000000e+02 1.790000000000000000e+02
1.720000000000000000e+02 5.940000000000000000e+02
3.070000000000000000e+02 1.480000000000000000e+02
1.970000000000000000e+02 5.580000000000000000e+02
4.400000000000000000e+01 7.390000000000000000e+02
1.970000000000000000e+02 3.330000000000000000e+02
7.400000000000000000e+01 5.320000000000000000e+02
3.960000000000000000e+02 3.740000000000000000e+02
1.970000000000000000e+02 6.640000000000000000e+02
1.150000000000000000e+02 3.510000000000000000e+02
4.900000000000000000e+01 4.120000000000000000e+02
1.000000000000000000e+02 3.700000000000000000e+02
4.700000000000000000e+01 7.330000000000000000e+02
1.150000000000000000e+02 4.340000000000000000e+02
4.900000000000000000e+01 5.210000000000000000e+02
1.130000000000000000e+02 6.570000000000000000e+02
4.600000000000000000e+01 4.320000000000000000e+02
4.900000000000000000e+01 4.150000000000000000e+02
2.890000000000000000e+02 2.190000000000000000e+02
4.910000000000000000e+02 8.300000000000000000e+01
4.100000000000000000e+02 4.040000000000000000e+02
1.970000000000000000e+02 5.910000000000000000e+02
2.150000000000000000e+02 3.640000000000000000e+02
1.090000000000000000e+02 4.210000000000000000e+02
4.300000000000000000e+01 7.020000000000000000e+02
3.070000000000000000e+02 1.310000000000000000e+02
1.840000000000000000e+02 3.600000000000000000e+02
1.020000000000000000e+02 3.770000000000000000e+02
2.920000000000000000e+02 2.070000000000000000e+02
1.030000000000000000e+02 3.030000000000000000e+02
4.900000000000000000e+01 3.630000000000000000e+02
3.070000000000000000e+02 1.050000000000000000e+02
3.070000000000000000e+02 1.940000000000000000e+02
1.050000000000000000e+02 3.760000000000000000e+02
1.130000000000000000e+02 3.320000000000000000e+02
1.970000000000000000e+02 5.780000000000000000e+02
2.150000000000000000e+02 3.230000000000000000e+02
4.400000000000000000e+01 6.180000000000000000e+02
1.020000000000000000e+02 4.210000000000000000e+02
4.100000000000000000e+02 3.380000000000000000e+02
1.970000000000000000e+02 6.370000000000000000e+02
1.020000000000000000e+02 4.420000000000000000e+02
4.270000000000000000e+02 4.200000000000000000e+02
4.100000000000000000e+02 3.950000000000000000e+02
9.400000000000000000e+01 5.810000000000000000e+02
1.690000000000000000e+02 3.340000000000000000e+02
7.800000000000000000e+01 5.400000000000000000e+02
1.970000000000000000e+02 7.010000000000000000e+02
1.970000000000000000e+02 6.520000000000000000e+02
3.070000000000000000e+02 9.000000000000000000e+01
1.720000000000000000e+02 6.260000000000000000e+02
1.720000000000000000e+02 6.370000000000000000e+02
